36
3 1 2 6 
4 0 2 6 7 
5 0 1 3 7 8 
5 2 4 8 9 10 
4 3 5 10 11 
2 4 11 
7 0 1 7 12 13 18 19 
5 1 2 6 8 13 
6 2 3 7 9 13 14 
5 3 8 10 14 15 
8 3 4 9 11 15 16 17 21 
5 4 5 10 16 17 
2 6 18 
5 6 7 8 14 19 
7 8 9 13 15 19 20 21 
4 9 10 14 21 
3 10 11 17 
6 10 11 16 21 22 23 
5 6 12 19 24 25 
6 6 13 14 18 20 25 
5 14 19 21 25 26 
8 10 14 15 17 20 22 26 27 
4 17 21 23 27 
4 17 22 27 29 
4 18 25 30 31 
6 18 19 20 24 26 31 
7 20 21 25 27 31 32 33 
8 21 22 23 26 28 29 33 35 
4 27 33 34 35 
3 23 27 35 
2 24 31 
5 24 25 26 30 32 
3 26 31 33 
5 26 27 28 32 34 
3 28 33 35 
4 27 28 29 34 
